   LET map$(1)  =  "0,0,0,0,0,0,0,0,0,0,0,0,0,0,0,0,0,0,0,0,0,0,0,0,0,0,0,0,0,0"
   LET map$(2)  =  "0,0,0,0,0,0,0,0,0,0,0,0,0,0,2,0,0,0,0,2,0,0,0,0,0,0,0,0,0,0"
   LET map$(3)  =  "2,0,0,0,0,2,0,0,0,2,0,0,0,0,0,0,0,0,0,0,0,0,0,0,0,0,0,0,0,2"
   LET map$(4)  =  "0,0,2,0,0,0,0,0,0,0,0,0,0,0,0,0,0,0,0,0,0,0,0,2,0,0,0,0,0,0"
   LET map$(5)  =  "0,2,0,0,0,0,0,0,0,0,0,0,2,0,0,0,0,0,0,0,0,0,0,0,0,0,2,0,0,0"
   LET map$(6)  =  "0,0,2,0,p,0,0,0,0,0,0,0,0,0,0,0,0,0,0,0,0,0,0,0,0,0,0,0,0,0"
   LET map$(7)  =  "2,0,0,0,0,0,0,0,0,0,0,0,0,0,0,0,0,0,0,0,0,0,0,0,0,0,0,0,0,2"
   LET map$(8)  =  "0,0,1,1,1,1,1,1,1,1,1,1,1,1,2,0,0,2,1,1,1,1,1,1,1,1,1,1,0,0"
   LET map$(9)  =  "0,2,0,1,1,1,1,1,1,1,1,0,1,0,0,0,0,0,0,1,1,1,1,1,1,1,1,1,0,0"
   LET map$(10)  = "0,0,0,0,0,1,1,1,1,1,1,0,0,0,0,0,0,0,0,0,1,1,1,1,1,1,1,0,0,0"
   LET map$(11)  = "0,0,0,0,0,0,1,1,1,0,0,2,0,0,0,0,0,0,0,0,0,1,1,1,1,0,0,0,0,0"
   LET map$(12)  = "0,0,0,0,2,0,1,0,1,0,0,0,0,0,0,0,0,0,0,0,0,1,0,0,1,0,0,0,2,0"
   LET map$(13)  = "0,0,2,0,0,0,2,0,1,0,2,0,0,0,0,0,0,0,0,0,0,0,0,0,1,0,0,0,0,0"
   LET map$(14)  = "0,0,0,0,0,0,0,0,2,0,0,0,0,0,0,0,0,0,0,0,0,0,0,0,0,0,2,0,0,0"
   LET map$(15)  = "0,2,0,0,0,0,0,0,0,0,0,0,0,0,2,2,2,0,0,0,0,0,0,0,0,2,0,0,0,0"
   LET map$(16)  = "0,0,0,G,0,2,0,0,0,0,1,1,1,1,1,1,1,1,1,1,1,1,1,1,0,0,0,0,2,0"
   LET map$(17)  = "0,2,1,1,1,1,0,0,0,2,0,1,1,1,1,1,1,1,1,1,1,1,0,0,0,0,0,0,0,0"
   LET map$(18)  = "0,0,0,1,1,0,0,1,1,0,0,0,0,0,0,0,0,0,0,0,0,2,0,0,0,0,0,0,0,0"
   LET map$(19)  = "0,0,2,0,0,0,0,1,2,0,0,0,0,2,0,0,0,0,0,0,0,0,0,0,0,0,0,2,0,0"
   LET map$(20)  = "0,0,0,0,2,0,2,0,0,0,0,0,0,0,0,0,0,0,0,0,0,0,0,0,0,0,0,0,0,0"
